0 4
1 4
2 13
3 4
4 1
5 13
6 13
7 15
8 3
9 0
10 9
11 4
12 3
13 3
14 4
15 3
16 3
17 0
18 9
19 2
20 8
21 2
22 9
23 0
24 4
25 8
26 0
27 13
28 0
29 0
30 0
31 13
32 3
33 0
34 0
35 3
36 16
37 4
38 0
39 0
40 5
41 0
42 0
43 0
44 17
45 0
46 0
47 0
48 0
49 5
50 0
51 0
52 0
53 9
54 4
55 0
56 9
57 0
58 13
59 0
60 6
61 0
62 19
63 0
64 0
65 0
66 2
67 13
68 1
69 0
70 0
71 3
72 0
73 0
74 0
75 6
76 17
77 3
78 1
79 13
80 9
81 5
82 0
83 4
84 0
85 17
86 14
87 9
88 0
89 0
90 0
91 0
92 0
93 0
94 15
95 9
96 18
97 0
98 14
99 0
100 3
101 0
102 0
103 0
104 0
105 3
106 3
107 8
108 0
109 0
110 15
111 0
112 0
113 0
114 1
115 0
116 0
117 0
118 9
119 8
120 4
121 0
122 9
123 0
124 0
125 0
126 8
127 0
128 2
129 0
130 0
131 0
132 6
133 13
134 8
135 0
136 14
137 6
138 0
139 8
140 0
141 4
142 6
143 0
144 0
145 0
146 15
147 0
148 3
149 4
150 0
151 0
152 1
153 18
154 3
155 0
156 0
157 3
158 0
159 9
160 4
161 0
162 0
163 9
164 4
165 0
166 0
167 3
168 5
169 0
170 4
171 1
172 18
173 0
174 9
175 0
176 0
177 0
178 4
179 2
180 0
181 9
182 9
183 0
184 0
185 8
186 0
187 4
188 0
189 0
190 5
191 4
192 5
193 0
194 8
195 0
196 0
197 0
198 0
199 3
200 0
201 6
202 0
203 0
204 0
205 0
206 9
207 0
208 0
209 0
210 0
211 0
212 1
213 8
214 0
215 0
216 3
217 8
218 0
219 4
220 15
221 0
222 15
223 13
224 17
225 0
226 0
227 5
228 0
229 1
230 0
231 13
232 19
233 1
234 0
235 5
236 3
237 0
238 0
239 0
240 0
241 8
242 13
243 1
244 0
245 2
246 0
247 0
248 3
249 0
250 3
251 0
252 18
253 0
254 15
255 9
256 0
257 17
258 3
259 3
260 1
261 0
262 0
263 0
264 6
265 10
266 3
267 0
268 0
269 0
270 17
271 0
272 1
273 0
274 6
275 0
276 13
277 0
278 0
279 0
280 0
281 0
282 9
283 0
284 9
285 15
286 6
287 5
288 0
289 4
290 4
291 8
292 15
293 0
294 4
295 4
296 0
297 0
298 0
299 4
300 4
301 4
302 4
303 4
304 0
305 4
306 4
307 4
308 0
309 0
310 0
311 9
312 0
313 9
314 0
315 0
316 9
317 0
318 9
319 2
320 19
321 2
322 0
323 15
324 0
325 0
326 0
327 4
328 0
329 6
330 6
331 0
332 0
333 2
334 2
335 15
336 15
337 0
338 0
339 2
340 8
341 9
342 5
343 15
344 0
345 15
346 5
347 0
348 2
349 0
350 0
351 2
352 14
353 3
354 0
355 0
356 13
357 0
358 4
359 3
360 16
361 8
362 13
363 0
364 0
365 8
366 0
367 18
368 0
369 0
370 0
371 0
372 9
373 0
374 13
375 4
376 19
377 3
378 0
379 0
380 0
381 6
382 0
383 0
384 0
385 3
386 4
387 14
388 14
389 3
390 0
391 0
392 0
393 2
394 13
395 4
396 3
397 3
398 0
399 1
400 14
401 0
402 0
403 0
404 0
405 0
406 0
407 15
408 0
409 0
410 0
411 0
412 3
413 0
414 0
415 9
416 15
417 3
418 0
419 0
420 0
421 2
422 8
423 0
424 4
425 2
426 6
427 0
428 10
429 0
430 0
431 15
432 5
433 0
434 0
435 4
436 15
437 0
438 16
439 0
440 0
441 5
442 0
443 0
444 14
445 4
446 9
447 2
448 3
449 0
450 17
451 9
452 8
453 0
454 1
455 13
456 0
457 0
458 0
459 5
460 0
461 9
462 17
463 0
464 9
465 2
466 0
467 0
468 0
469 13
470 9
471 0
472 0
473 3
474 3
475 6
476 9
477 0
478 6
479 13
480 5
481 1
482 0
483 0
484 13
485 3
486 3
487 0
488 4
489 0
490 0
491 0
492 4
493 0
494 0
495 0
496 13
497 14
498 1
499 1
500 12
501 14
502 15
503 2
504 0
505 0
506 0
507 0
508 0
509 0
510 5
511 11
512 0
513 0
514 0
515 9
516 0
517 0
518 3
519 0
520 8
521 3
522 0
523 0
524 13
525 9
526 0
527 0
528 0
529 8
530 9
531 3
532 0
533 0
534 0
535 4
536 0
537 0
538 0
539 1
540 0
541 15
542 0
543 15
544 15
545 9
546 0
547 0
548 0
549 9
550 4
551 2
552 0
553 0
554 3
555 0
556 1
557 0
558 3
559 1
560 18
561 0
562 0
563 6
564 0
565 9
566 4
567 15
568 0
569 17
570 13
571 13
572 0
573 6
574 0
575 13
576 0
577 1
578 18
579 3
580 0
581 6
582 4
583 0
584 0
585 1
586 2
587 8
588 15
589 0
590 10
591 0
592 0
593 0
594 0
595 2
596 8
597 0
598 6
599 0
600 4
601 6
602 0
603 2
604 0
605 0
606 0
607 0
608 0
609 14
610 0
611 0
612 0
613 0
614 0
615 2
616 2
617 1
618 9
619 3
620 0
621 0
622 19
623 0
624 1
625 0
626 13
627 11
628 3
629 0
630 13
631 0
632 0
633 13
634 0
635 0
636 6
637 0
638 0
639 0
640 0
641 18
642 0
643 0
644 0
645 19
646 0
647 2
648 3
649 0
650 0
651 0
652 5
653 0
654 0
655 0
656 0
657 0
658 0
659 6
660 2
661 13
662 14
663 6
664 9
665 0
666 4
667 4
668 14
669 3
670 9
671 6
672 9
673 6
674 9
675 8
676 9
677 0
678 0
679 9
680 0
681 9
682 6
683 9
684 0
685 5
686 5
687 5
688 5
689 0
690 5
691 15
692 17
693 0
694 0
695 5
696 5
697 18
698 5
699 9
700 12
701 5
702 5
703 5
704 17
705 4
706 0
707 3
708 0
709 3
710 0
711 0
712 5
713 0
714 4
715 4
716 0
717 0
718 0
719 0
720 0
721 0
722 5
723 0
724 0
725 0
726 0
727 0
728 0
729 0
730 0
731 2
732 0
733 0
734 1
735 18
736 2
737 4
738 0
739 6
740 6
741 0
742 0
743 15
744 0
745 0
746 3
747 13
748 5
749 4
750 0
751 8
752 0
753 5
754 0
755 11
756 5
757 8
758 0
759 0
760 6
761 8
762 6
763 0
764 0
765 0
766 8
767 0
768 0
769 0
770 3
771 0
772 12
773 5
774 0
775 1
776 0
777 0
778 5
779 8
780 0
781 0
782 0
783 0
784 13
785 13
786 16
787 0
788 9
789 2
790 0
791 0
792 9
793 0
794 4
795 0
796 0
797 0
798 0
799 0
800 3
801 0
802 4
803 13
804 4
805 16
806 0
807 0
808 5
809 1
810 0
811 4
812 13
813 4
814 4
815 3
816 4
817 0
818 0
819 4
820 0
821 4
822 0
823 4
824 2
825 6
826 0
827 0
828 0
829 0
830 0
831 5
832 0
833 8
834 0
835 0
836 4
837 3
838 0
839 0
840 11
841 0
842 13
843 0
844 5
845 15
846 14
847 17
848 0
849 3
850 0
851 5
852 0
853 15
854 6
855 9
856 0
857 3
858 18
859 0
860 0
861 0
862 0
863 0
864 12
865 4
866 3
867 2
868 0
869 0
870 15
871 0
872 3
873 0
874 0
875 0
876 0
877 1
878 0
879 15
880 0
881 0
882 0
883 0
884 0
885 8
886 15
887 0
888 0
889 2
890 4
891 14
892 8
893 0
894 18
895 0
896 0
897 0
898 0
899 17
900 9
901 0
902 0
903 0
904 0
905 14
906 0
907 3
908 3
909 15
910 4
911 0
912 4
913 0
914 17
915 4
916 0
917 0
918 0
919 5
920 0
921 0
922 0
923 0
924 9
925 8
926 0
927 0
928 15
929 6
930 0
931 0
932 0
933 3
934 10
935 0
936 0
937 2
938 0
939 0
940 0
941 13
942 5
943 0
944 0
945 0
946 0
947 0
948 0
949 13
950 9
951 14
952 9
953 0
954 4
955 1
956 0
957 0
958 0
959 0
960 0
961 0
962 0
963 9
964 0
965 18
966 16
967 0
968 3
969 0
970 0
971 0
972 0
973 3
974 0
975 0
976 18
977 0
978 15
979 0
980 0
981 0
982 0
983 13
984 0
985 15
986 0
987 6
988 6
989 0
990 16
991 0
992 3
993 0
994 0
995 0
996 13
997 0
998 0
999 0
1000 0
1001 0
1002 0
1003 0
1004 0
1005 0
1006 0
1007 3
1008 0
1009 12
1010 0
1011 2
1012 0
1013 0
1014 0
1015 18
1016 9
1017 5
1018 18
1019 3
1020 0
1021 0
1022 6
1023 0
1024 0
1025 18
1026 4
1027 0
1028 0
1029 0
1030 0
1031 0
1032 5
1033 4
1034 18
1035 8
1036 0
1037 9
1038 0
1039 1
1040 12
1041 0
1042 0
1043 0
1044 4
1045 0
1046 2
1047 6
1048 0
1049 0
1050 0
1051 5
1052 0
1053 0
1054 0
1055 0
1056 0
1057 0
1058 5
1059 0
1060 3
1061 6
1062 0
1063 0
1064 9
1065 0
1066 2
1067 0
1068 0
1069 16
1070 0
1071 10
1072 0
1073 0
1074 0
1075 0
1076 0
1077 0
1078 0
1079 0
1080 4
1081 0
1082 1
1083 3
1084 0
1085 2
1086 0
1087 0
1088 8
1089 0
1090 0
1091 0
1092 15
1093 0
1094 0
1095 4
1096 0
1097 6
1098 0
1099 0
1100 4
1101 0
1102 0
1103 0
1104 13
1105 0
1106 0
1107 4
1108 0
1109 4
1110 0
1111 0
1112 0
1113 0
1114 0
1115 0
1116 8
1117 0
1118 5
1119 13
1120 0
1121 0
1122 0
1123 0
1124 13
1125 4
1126 0
1127 0
1128 0
1129 0
1130 0
1131 0
1132 9
1133 8
1134 1
1135 0
1136 0
1137 8
1138 0
1139 0
1140 2
1141 9
1142 0
1143 0
1144 6
1145 0
1146 9
1147 0
1148 0
1149 0
1150 0
1151 4
1152 9
1153 0
1154 3
1155 5
1156 0
1157 0
1158 0
1159 3
1160 6
1161 0
1162 0
1163 8
1164 11
1165 0
1166 0
1167 15
1168 0
1169 0
1170 0
1171 0
1172 0
1173 0
1174 5
1175 0
1176 3
1177 0
1178 3
1179 9
1180 0
1181 0
1182 0
1183 0
1184 6
1185 0
1186 0
1187 0
1188 0
1189 0
1190 0
1191 0
1192 9
1193 19
1194 6
1195 0
1196 0
1197 0
1198 3
1199 0
1200 1
1201 18
1202 0
1203 0
1204 0
1205 13
1206 15
1207 0
1208 2
1209 0
1210 4
1211 0
1212 0
1213 17
1214 0
1215 15
1216 13
1217 0
1218 9
1219 1
1220 0
1221 0
1222 14
1223 0
1224 0
1225 6
1226 0
1227 9
1228 0
1229 0
1230 15
1231 0
1232 0
1233 6
1234 9
1235 0
1236 15
1237 0
1238 0
1239 0
1240 1
1241 0
1242 0
1243 0
1244 0
1245 2
1246 4
1247 0
1248 0
1249 3
1250 8
1251 8
1252 3
1253 0
1254 0
1255 0
1256 0
1257 3
1258 0
1259 3
1260 0
1261 0
1262 0
1263 17
1264 3
1265 12
1266 0
1267 0
1268 3
1269 0
1270 0
1271 0
1272 0
1273 13
1274 0
1275 3
1276 0
1277 0
1278 4
1279 3
1280 13
1281 0
1282 0
1283 4
1284 13
1285 0
1286 5
1287 0
1288 0
1289 9
1290 4
1291 16
1292 0
1293 0
1294 0
1295 4
1296 2
1297 8
1298 0
1299 8
1300 4
1301 4
1302 0
1303 12
1304 0
1305 3
1306 0
1307 1
1308 0
1309 3
1310 0
1311 8
1312 0
1313 15
1314 0
1315 9
1316 0
1317 0
1318 0
1319 18
1320 0
1321 3
1322 4
1323 0
1324 18
1325 5
1326 0
1327 4
1328 10
1329 4
1330 13
1331 4
1332 1
1333 0
1334 0
1335 4
1336 3
1337 1
1338 18
1339 7
1340 15
1341 0
1342 10
1343 2
1344 10
1345 0
1346 0
1347 0
1348 9
1349 0
1350 6
1351 10
1352 0
1353 2
1354 2
1355 4
1356 0
1357 0
1358 0
1359 0
1360 15
1361 4
1362 0
1363 0
1364 6
1365 2
1366 9
1367 3
1368 17
1369 0
1370 17
1371 0
1372 0
1373 0
1374 13
1375 2
1376 13
1377 0
1378 0
1379 0
1380 0
1381 0
1382 0
1383 0
1384 0
1385 18
1386 0
1387 0
1388 4
1389 4
1390 0
1391 0
1392 4
1393 1
1394 3
1395 3
1396 14
1397 0
1398 18
1399 0
1400 0
1401 0
1402 1
1403 0
1404 0
1405 0
1406 6
1407 0
1408 0
1409 2
1410 0
1411 0
1412 0
1413 0
1414 13
1415 9
1416 1
1417 4
1418 17
1419 3
1420 0
1421 13
1422 0
1423 5
1424 14
1425 0
1426 8
1427 0
1428 15
1429 0
1430 0
1431 15
1432 17
1433 17
1434 0
1435 5
1436 15
1437 15
1438 0
1439 1
1440 2
1441 0
1442 16
1443 0
1444 15
1445 0
1446 15
1447 0
1448 0
1449 1
1450 2
1451 13
1452 0
1453 3
1454 3
1455 1
1456 17
1457 0
1458 0
1459 0
1460 1
1461 0
1462 2
1463 3
1464 0
1465 0
1466 8
1467 10
1468 0
1469 2
1470 15
1471 0
1472 0
1473 15
1474 0
1475 1
1476 0
1477 4
1478 0
1479 6
1480 0
1481 13
1482 0
1483 0
1484 15
1485 0
1486 4
1487 7
1488 15
1489 0
1490 0
1491 4
1492 1
1493 4
1494 0
1495 15
1496 2
1497 4
1498 0
1499 2
1500 9
1501 2
1502 0
1503 13
1504 0
1505 0
1506 0
1507 13
1508 12
1509 17
1510 14
1511 0
1512 0
1513 4
1514 0
1515 2
1516 3
1517 4
1518 0
1519 2
1520 3
1521 0
1522 9
1523 0
1524 3
1525 9
1526 3
1527 2
1528 9
1529 4
1530 10
1531 0
1532 0
1533 3
1534 4
1535 12
1536 5
1537 0
1538 0
1539 0
1540 6
1541 4
1542 0
1543 4
1544 6
1545 0
1546 0
1547 0
1548 0
1549 0
1550 3
1551 10
1552 0
1553 2
1554 3
1555 17
1556 0
1557 0
1558 2
1559 0
1560 0
1561 0
1562 0
1563 0
1564 1
1565 0
1566 0
1567 0
1568 2
1569 9
1570 9
1571 0
1572 17
1573 0
1574 0
1575 0
1576 0
1577 9
1578 10
1579 3
1580 0
1581 3
1582 15
1583 0
1584 4
1585 0
1586 17
1587 15
1588 15
1589 0
1590 0
1591 0
1592 0
1593 3
1594 6
1595 0
1596 0
1597 3
1598 9
1599 11
1600 0
1601 15
1602 0
1603 4
1604 0
1605 0
1606 0
1607 17
1608 0
1609 15
1610 4
1611 0
1612 0
1613 5
1614 0
1615 15
1616 18
1617 6
1618 0
1619 16
1620 4
1621 2
1622 0
1623 0
1624 0
1625 0
1626 15
1627 1
1628 0
1629 0
1630 0
1631 4
1632 15
1633 4
1634 0
1635 8
1636 0
1637 3
1638 17
1639 0
1640 2
1641 9
1642 0
1643 0
1644 0
1645 0
1646 0
1647 0
1648 0
1649 0
1650 0
1651 0
1652 0
1653 9
1654 6
1655 6
1656 0
1657 0
1658 0
1659 0
1660 9
1661 2
1662 9
1663 4
1664 6
1665 0
1666 4
1667 18
1668 0
1669 4
1670 0
1671 0
1672 0
1673 0
1674 17
1675 2
1676 0
1677 0
1678 13
1679 0
1680 0
1681 4
1682 0
1683 4
1684 17
1685 0
1686 0
1687 0
1688 0
1689 0
1690 0
1691 0
1692 5
1693 14
1694 10
1695 0